Distance Matrix : 
------------------------------------------------------------------------------------------ 

 Dataset 1 : 
-1		0		0		
-1		-1		0		
-1		-1		-1		
------------------------------------------------------------------------------------------ 

 Dataset 2 : 
-1		0		0		
-1		-1		0		
-1		-1		-1		
------------------------------------------------------------------------------------------ 

 Dataset 3 : 
-1		0		0		
-1		-1		0		
-1		-1		-1		
------------------------------------------------------------------------------------------ 




Length Matrix : 
------------------------------------------------------------------------------------------ 

 Dataset 1 : 
-1		10		10		
-1		-1		10		
-1		-1		-1		

------------------------------------------------------------------------------------------ 

 Dataset 2 : 
-1		10		10		
-1		-1		10		
-1		-1		-1		

------------------------------------------------------------------------------------------ 

 Dataset 3 : 
-1		10		10		
-1		-1		10		
-1		-1		-1		
